11_020.png 0.925524 0.785329 0.849682
11_024.png 0.928733 0.908151 0.918327
11_030.png 0.878363 0.681897 0.767761
13_023.png 0.880652 0.956522 0.917020
13_027.png 0.865772 0.933937 0.898563
2_044.png 0.794732 0.808688 0.801649
2_045.png 0.680445 0.739206 0.708609
2_046.png 0.511682 0.503448 0.507532
4_029.png 0.937152 0.930168 0.933647
4_030.png 0.924612 0.879747 0.901622
4_031.png 0.909514 0.809255 0.856460
5_022.png 0.917245 0.756162 0.828951
5_027.png 0.875077 0.933377 0.903288
5_030.png 0.758108 0.817784 0.786816
7_044.png 0.459283 0.903846 0.609071
8_022.png 0.949944 0.950297 0.950121
8_028.png 0.877874 0.911940 0.894583
8_030.png 0.886591 0.898580 0.892545
