7,20120416,20120827,1.00,1138.26
-1593.0
-1983.0
-3038.0
-2145.0
-1710.0
-2216.0
-1533.0
-715.0
-437.0
-159.0
-16.0
51.0
-178.0
-293.0
-342.0
-394.0
-545.0
-420.0
-785.0
-84.0
-438.0
-257.0
-30.0
-47.0
-54.0
48.0
9.0
-201.0
-142.0
-235.0
-443.0
-196.0
-252.0
-342.0
-350.0
-294.0
-462.0
-305.0
-165.0
-131.0
-457.0
-374.0
-247.0
-379.0
-487.0
-673.0
-650.0
-759.0
-492.0
-501.0
-220.0
-405.0
-1110.0
-1231.0
-1427.0
-1342.0
-1049.0
-1275.0
-860.0
-877.0
-793.0
-1328.0
-1194.0
-1186.0
-2123.0
-2081.0
-2379.0
-2025.0
-1345.0
-2033.0
-825.0
-571.0
-613.0
-1575.0
-1624.0
-1585.0
-2115.0
-2261.0
-2174.0
-1659.0
-1818.0
-1151.0
-1617.0
-1629.0
-1346.0
-1577.0
-1552.0
-1607.0
-1760.0
-247.0
-550.0
-241.0
238.0
-256.0
-601.0
-182.0
-234.0
-165.0
