6,20121102,20130301,0.96,4979.29
-5046.0
-2703.0
-2261.0
-1008.0
-1046.0
-597.0
-645.0
-1218.0
546.0
-957.0
-284.0
2244.0
2388.0
2408.0
2236.0
2004.0
2235.0
2204.0
2345.0
2690.0
2470.0
2672.0
3093.0
3581.0
3715.0
4269.0
4723.0
5952.0
6277.0
6035.0
4752.0
4735.0
4775.0
5601.0
5374.0
5741.0
5082.0
4824.0
4884.0
4435.0
4538.0
3800.0
3136.0
2949.0
3155.0
3168.0
2601.0
2508.0
2546.0
2829.0
2496.0
2505.0
2396.0
2735.0
3260.0
3175.0
3375.0
2692.0
2520.0
2406.0
2510.0
2325.0
2105.0
2040.0
2274.0
2852.0
3115.0
3365.0
3150.0
2798.0
2732.0
2457.0
2387.0
3140.0
1882.0
2505.0
3318.0
3992.0
4952.0
5250.0
4766.0
4358.0
4934.0
5441.0
5285.0
3538.0
3645.0
4825.0
8260.0
8867.0
8873.0
8880.0
8685.0
8642.0
8392.0
9454.0
12060.0
13064.0
13426.0
12250.0
12472.0
