2,20110908,20111120,0.71,19121.82
-18418.0
-16047.0
-16635.0
-14743.0
1241.0
1043.0
1014.0
1157.0
-99.0
1270.0
1368.0
1384.0
1323.0
1403.0
1420.0
1237.0
1480.0
1471.0
1482.0
1418.0
1619.0
1302.0
1503.0
1647.0
1767.0
1650.0
1443.0
1262.0
1042.0
1177.0
1714.0
1994.0
1637.0
1756.0
1752.0
1644.0
1556.0
1707.0
1525.0
1476.0
1317.0
1454.0
1530.0
1195.0
1400.0
1451.0
1458.0
1602.0
1468.0
1316.0
1230.0
1569.0
1332.0
1170.0
1215.0
1060.0
1462.0
-22554.0
-63821.0
-23677.0
-64810.0
-64646.0
-66177.0
-65584.0
