5,20130116,20130411,0.82,7471.31
-3512.0
-3021.0
-2747.0
-2230.0
-2819.0
-2376.0
-2887.0
-3756.0
-3927.0
-2549.0
-3162.0
-3064.0
-3530.0
-3706.0
-3477.0
-3166.0
-3967.0
-3253.0
-3259.0
-3202.0
-2484.0
-3050.0
-3146.0
-4523.0
-3590.0
-4510.0
-5075.0
-5065.0
-5401.0
-8061.0
-11256.0
-11347.0
-12434.0
-12542.0
-13625.0
-13404.0
-12140.0
-11659.0
-11425.0
-11337.0
-11824.0
-9531.0
-9111.0
-11668.0
-11659.0
-11780.0
-8206.0
-6880.0
-5772.0
-5575.0
-6751.0
-8926.0
-11061.0
-11521.0
-12825.0
-8220.0
-4548.0
-3156.0
-1468.0
397.0
1314.0
1940.0
