4,20100316,20100927,0.40,25937.74
10541.0
8366.0
-16245.0
5474.0
5085.0
-27995.0
-30183.0
-30070.0
-28907.0
-28026.0
-27499.0
-5546.0
-5865.0
-5462.0
-5157.0
-3137.0
-1407.0
-1805.0
-3665.0
-3226.0
-3115.0
-1902.0
-1908.0
477.0
1257.0
966.0
547.0
-989.0
-2260.0
-2004.0
-2788.0
-5124.0
-5729.0
-6283.0
-9031.0
-11945.0
-42543.0
-41998.0
-43731.0
-42557.0
-41764.0
-41466.0
-41497.0
-43837.0
-43204.0
-43638.0
-43598.0
-37461.0
-40349.0
-36974.0
-37783.0
-38717.0
-37990.0
-38558.0
